1.08398	1.0388	0.99794
0.0363393	0.049435	0.0630429
-0.0519557	-0.0459494	-0.0363564
0.0409503	0.0394685	0.0522224
-0.0330684	-0.0268221	-0.0196009
-0.0710798	-0.0612539	-0.0449393
-0.112208	-0.103243	-0.0978283
-0.0301294	-0.029702	-0.0322009
-0.131587	-0.113974	-0.102223
-0.217829	-0.227807	-0.243941
0.0248456	0.0240886	0.0233156
-0.205933	-0.211267	-0.22503
-0.00132782	6.16731e-06	0.00104811
0.110848	0.104169	0.105821
0.0261078	0.0252432	0.0270759
0.0395723	0.0399617	0.0421264
45	0.00289468	0.010886
.0309814
0.00149812
55925
51559
-1.22299e-05	-1.22299e-05	-1.22299e-05
